20180307051018.2
20180307051047
20180307051047.7
20180307051115.9
20180307051122
20180307051206.3
20180307051549
20180307051605.2
20180307051618.5
20180307051635.8
20180307051654.4
20180307051942.6
20180307051944.8
20180307051950.3
20180307052337.3
20180307052413.3
20180307052423.5
20180307052429.5
20180307053952.5
20180307054027.1
20180307054029.3
20180307054032.4
20180307054038
20180307054043.7
20180307054044.7
20180307054105.1
20180307054125.6
20180307054137.8
20180307054149
20180307054204.1
20180307054212.6
20180307054214.5
20180307054218.9
20180307054225.7
20180307054304.1
20180307054346.4
20180307054350.4
20180307054436.2
20180307054730.9
20180307054806.3
20180307054822.4
20180307054903.5
20180307054938.6
20180307055445.1
20180307055507.5
20180307055512
20180307055526
20180307055617.8
20180307055624.8
20180307055657.4
20180307055703
20180307055757.4
20180307055807.4
20180307055822.9
20180307055833.1
20180307055935.2
20180307060000.6
20180307060012.3
20180307060029.3
20180307060335.5
20180307060352.3
20180307060438.2
20180307060509.8
20180307060524
20180307060606.8
20180307060647.1
20180307060705.7
20180307060719.5
20180307060818
20180307060847.1
20180307060850.2
20180307060908.4
20180307061030.3
20180307061040
20180307061151.3
20180307061159.7
20180307061233.1
20180307061448.1
20180307061517.8
20180307061520.4
20180307061533.3
20180307061816.2
20180307061927.9
20180307061935.7
20180307061944.6
20180307062038.3
20180307062050.7
20180307062137.3
20180307062141.5
20180307062205.8
20180307062212.2
20180307062235.4
20180307062259.5
20180307062340.4
20180307062343.8
20180307062416
20180307062429.8
20180307062600.9
20180307062630.3
20180307062633.5
20180307062642.9
20180307062916.6
20180307062923.5
20180307063014.2
20180307063017.5
20180307063039.6
20180307063053.4
20180307063059.2
20180307063121.6
20180307063128.2
20180307063225.1
20180307063239.6
20180307063245.1
20180307063309
20180307063325.8
20180307063331.1
20180307063331.4
20180307063345.8
20180307064007.3
20180307064034.6
20180307064043.6
20180307064048.5
20180307064440.3
20180307064453.3
20180307064458.2
20180307064558.7
20180307064616.5
20180307064621.1
20180307065019.9
20180307065026.8
20180307065045.9
20180307065059.9
20180307065109.6
20180307065128.6
20180307065145.4
20180307065152.3
20180307065213.4
20180307065221.7
20180307065230.8
20180307065235.2
20180307065253.5
20180307065752.7
20180307065820.7
20180307065837.4
20180307070155.6
20180307070203.5
20180307070227.7
20180307070235.1
20180307070241
20180307070304.1
20180307070315.2
20180307070320.9
20180307070338.1
20180307070422.6
20180307070512
20180307070524.2
20180307070546.8
20180307071008.3
20180307071026.2
20180307071029
20180307071055.2
20180307071425.1
20180307071430.5
20180307071447.7
20180307071458.5
20180307071510.7
20180307071519.3
20180307071735.6
20180307071901.3
20180307071937.2
20180307072005.1
20180307072013.2
20180307072024.6
20180307073009.9
20180307073024.5
20180307073027
20180307073745.5
20180307074200.1
20180307074210.7
20180307074227.3
20180307074238.7
20180307074403.1
20180307074421.6
20180307074449.6
20180307074522.9
20180307074556.7
20180307074611.1
20180307074619.2
20180307095157.9
20180307095224.6
20180307095225
20180307095230.4
20180307095408.8
20180307095411.2
20180307095522.7
20180307095528.6
20180307095702.7
20180307095720.3
20180307095736.7
20180307095750.4
20180307095802.1
20180307095803.6
20180307100116.1
20180307100122.5
20180307100124.2
